name: adam
lr: 0.0001
weight_decay: 0.00001
eps: 0.000001   

