name: adam
lr: 0.0007238
weight_decay: 0.0
eps: 0.000001   

